35230624614269000126550010003386141336538648
35230632165635000135550020000854071000931250
35230632165635000135550020000862791000940812
35230632165635000135550020000867341000946026
35230643366418000120550010000000791040301472
35230649215883000146550010000000401000007770
35230649215883000146550010000000521000007771
35230649215883000146550010000000611000007770
35230650376877000150550010000022111771354892
35230653896981000163550010000152761878251544
35230655721559000100550030030609251442292485
35230655721559000100550030030706761542551284
35230665579336000104550000006708761851887515
35230671998819000138550010000020491009699144
35230671998819000138550010000020581006689899
35230671998819000138550010000020601005846271
35230671998819000138550010000020651005594481
35230671998819000138550010000020721000655770
35230671998819000138550010000020761005229000
35230671998819000138550010000020791009712646
35230671998819000138550010000020851004638437
35230671998819000138550010000020941000550712
35230671998819000138550010000020981002797897
35230671998819000138550010000021031004311837
35230671998819000138550010000021081000434060
35230671998819000138550010000021151003151209
35230671998819000138550010000021191001863405
35230671998819000138550010000021251003537839
41230607467266000198550010000675181656154721
